25.600000 0.0000000 0.0000000 0.0000000 0.0000000 0.0000000 0.0000000 1.0000000
26.200000 -0.0005894 0.0012461 0.0790938 0.0033041 -0.0023036 -0.0012030 0.9999912
26.300000 -0.0005192 0.0011765 0.0928768 0.0038460 -0.0020595 -0.0014249 0.9999894
26.700000 -0.0012210 0.0018055 0.1491494 0.0017427 -0.0042567 -0.0018884 0.9999876
27.100000 -0.0019593 0.0026360 0.2046979 -0.0008100 -0.0056151 -0.0011164 0.9999833
27.300000 -0.0023842 0.0032382 0.2290376 -0.0028340 -0.0065677 -0.0016288 0.9999731
27.700000 -0.0036340 0.0044891 0.2851279 -0.0017812 -0.0077913 -0.0019282 0.9999662
27.900000 -0.0038210 0.0047892 0.3122335 -0.0001211 -0.0076160 -0.0022711 0.9999684
28.800000 -0.0064723 0.0066881 0.4166006 -0.0014618 -0.0123825 -0.0018635 0.9999205
29.400000 -0.0099820 0.0064075 0.4229818 -0.0021313 -0.0409632 -0.0012149 0.9991577
29.600000 -0.0119199 0.0058845 0.4235069 -0.0028231 -0.0517932 0.0003513 0.9986538
30.000000 -0.0191889 0.0065249 0.4255596 -0.0014871 -0.1040620 0.0003299 0.9945697
30.600000 -0.0339566 0.0048966 0.4149283 -0.0031195 -0.2337283 0.0067871 0.9722732
30.800000 -0.0383214 0.0048369 0.4100016 -0.0025081 -0.2819220 0.0079967 0.9594007
31.000000 -0.0425732 0.0046098 0.4047234 -0.0019164 -0.3286971 0.0087446 0.9443929
31.500000 -0.0496986 0.0047868 0.3914470 -0.0003060 -0.4389173 0.0118905 0.8984487
31.600000 -0.0507589 0.0048985 0.3884116 0.0002712 -0.4610739 0.0124141 0.8872749
32.100000 -0.0532670 0.0039876 0.3725557 0.0006164 -0.5678234 0.0153458 0.8230071
32.200000 -0.0534143 0.0039482 0.3680594 0.0005783 -0.5867624 0.0155395 0.8096098
34.000000 -0.0529153 0.0031964 0.3563333 0.0019171 -0.6641011 0.0163407 0.7474617
35.300000 -0.0701257 0.0025052 0.3573929 0.0023255 -0.6680481 0.0157102 0.7439486
35.600000 -0.1025542 0.0023825 0.3604514 0.0023488 -0.6708574 0.0146493 0.7414380
35.900000 -0.1377330 0.0016320 0.3636545 0.0011730 -0.6714587 0.0153260 0.7408826
36.100000 -0.1616871 0.0019068 0.3660193 0.0013516 -0.6712283 0.0151664 0.7410943
37.100000 -0.2818173 -0.0000179 0.3786290 0.0066412 -0.6720899 0.0180628 0.7402195
37.200000 -0.2947637 -0.0002493 0.3794495 0.0059710 -0.6725284 0.0180568 0.7398269
37.500000 -0.3294258 -0.0003283 0.3829871 0.0064660 -0.6721736 0.0145220 0.7402229
37.900000 -0.3673550 0.0005561 0.3834944 0.0046424 -0.6812854 0.0145790 0.7318580
38.700000 -0.3670563 0.0001423 0.3713039 0.0051912 -0.7681327 0.0160830 0.6400676
38.900000 -0.3643517 -0.0005428 0.3686512 0.0045621 -0.7993313 0.0153539 0.6006771
39.000000 -0.3679940 0.0004333 0.3746055 0.0033136 -0.8213238 0.0173485 0.5701889
39.200000 -0.3636788 -0.0005643 0.3679866 0.0033876 -0.8469666 0.0158746 0.5313983
39.600000 -0.3541525 -0.0012095 0.3608906 -0.0028839 0.8960725 -0.0150678 -0.4436425
39.700000 -0.3518485 -0.0008456 0.3598979 -0.0030696 0.9071358 -0.0157011 -0.4205338
39.900000 -0.3470363 -0.0003921 0.3559972 -0.0041956 0.9269958 -0.0163473 -0.3746919
40.000000 -0.3446863 -0.0004989 0.3551462 -0.0037593 0.9357463 -0.0164282 -0.3522710
40.200000 -0.3399723 -0.0002198 0.3531839 -0.0043065 0.9508541 -0.0163522 -0.3091772
40.400000 -0.3345351 -0.0001786 0.3514944 -0.0040820 0.9654877 -0.0164444 -0.2598970
40.700000 -0.3263459 -0.0002036 0.3506844 -0.0039145 0.9821610 -0.0160006 -0.1873192
41.000000 -0.3178770 0.0000584 0.3508784 -0.0049813 0.9933888 -0.0164255 -0.1135085
42.100000 -0.3013552 0.0012099 0.3439315 -0.0085211 0.9985093 -0.0163999 0.0513571
43.100000 -0.3057321 0.0007555 0.3405045 -0.0079249 0.9998077 -0.0162857 0.0075139
44.400000 -0.3067613 -0.0006497 0.2833135 -0.0085702 0.9997597 -0.0201302 0.0013228
44.600000 -0.3068509 -0.0010421 0.2617472 -0.0080891 0.9997492 -0.0207566 0.0023052
45.200000 -0.3057204 -0.0027879 0.1983441 -0.0080278 0.9996192 -0.0262339 0.0029747
45.400000 -0.3052824 -0.0036291 0.1770497 -0.0087828 0.9996171 -0.0257263 0.0051641
45.800000 -0.3046784 -0.0051621 0.1348525 -0.0094670 0.9996085 -0.0254978 0.0065605
46.000000 -0.3042712 -0.0052383 0.1159100 -0.0086851 0.9996474 -0.0236130 0.0084920
46.300000 -0.3039389 -0.0068519 0.0828438 -0.0063261 0.9997451 -0.0194600 0.0095442
46.600000 -0.3032591 -0.0067987 0.0509128 -0.0082642 0.9996529 -0.0222963 0.0113392
47.200000 -0.3013161 -0.0087911 -0.0142394 -0.0093971 0.9996607 -0.0205761 0.0129180
47.400000 -0.3000001 -0.0088083 -0.0329098 -0.0099163 0.9996348 -0.0212166 0.0134817
47.600000 -0.2997749 -0.0094051 -0.0550889 -0.0097503 0.9996458 -0.0198627 0.0147876
47.800000 -0.2993166 -0.0101919 -0.0776485 -0.0102035 0.9996630 -0.0189068 0.0145701
48.000000 -0.2980463 -0.0103381 -0.0978758 -0.0106267 0.9996137 -0.0203959 0.0156047
48.200000 -0.2975880 -0.0109066 -0.1200552 -0.0096237 0.9996187 -0.0189919 0.0175812
48.600000 -0.2946345 -0.0128749 -0.1575172 -0.0061126 0.9995135 -0.0191330 0.0238612
49.400000 -0.2822247 -0.0134141 -0.1603538 -0.0066147 0.9898952 -0.0181012 0.1404856
49.600000 -0.2796747 -0.0135001 -0.1605105 -0.0065939 0.9865434 -0.0179762 0.1623744
49.800000 -0.2764696 -0.0132423 -0.1592328 -0.0058956 0.9809256 -0.0177649 0.1934804
50.000000 -0.2716116 -0.0130533 -0.1560223 -0.0063009 0.9703072 -0.0180057 0.2411224
50.400000 -0.2664220 -0.0128228 -0.1490479 -0.0058241 0.9441760 -0.0165093 0.3289760
50.600000 -0.2642887 -0.0126287 -0.1444996 -0.0061927 0.9264715 -0.0156968 0.3759864
50.700000 -0.2632700 -0.0125271 -0.1422503 -0.0053833 0.9165822 -0.0151303 0.3995238
50.900000 -0.2615612 -0.0124389 -0.1373641 -0.0061215 0.8955014 -0.0152036 0.4447569
51.000000 -0.2609899 -0.0124741 -0.1348373 -0.0059312 0.8839831 -0.0147615 0.4672481
51.200000 -0.2601890 -0.0124093 -0.1297331 -0.0055049 0.8601687 -0.0149383 0.5097611
51.300000 -0.2598341 -0.0123991 -0.1275660 -0.0052169 0.8470818 -0.0150891 0.5312226
51.700000 -0.2597365 -0.0124049 -0.1181941 -0.0050378 0.7932661 -0.0141143 0.6086907
52.100000 -0.2618883 -0.0123171 -0.1080916 -0.0050134 0.7296166 -0.0125877 0.6837223
52.200000 -0.2626072 -0.0121948 -0.1058768 -0.0047467 0.7127747 -0.0119708 0.7012748
53.300000 -0.2436420 -0.0123451 -0.1045702 -0.0060936 0.6931309 -0.0120640 0.7206851
53.600000 -0.2200455 -0.0118899 -0.1029649 -0.0071413 0.6896653 -0.0110753 0.7240084
53.800000 -0.2012390 -0.0117188 -0.1020113 -0.0074012 0.6893564 -0.0120461 0.7242844
54.100000 -0.1719957 -0.0113989 -0.1004109 -0.0081947 0.6884381 -0.0112138 0.7251621
54.200000 -0.1622063 -0.0112988 -0.0998837 -0.0081298 0.6878606 -0.0100484 0.7257277
54.500000 -0.1339148 -0.0109404 -0.0982810 -0.0085348 0.6884646 -0.0092667 0.7251605
54.600000 -0.1240460 -0.0109294 -0.0979537 -0.0088620 0.6877585 -0.0090077 0.7258296
54.700000 -0.1140201 -0.0107310 -0.0973634 -0.0088918 0.6877595 -0.0091361 0.7258267
55.000000 -0.0844562 -0.0105588 -0.0956937 -0.0073662 0.6869578 -0.0104253 0.7265852
55.100000 -0.0745573 -0.0108392 -0.0951990 -0.0069484 0.6866899 -0.0109404 0.7268350
55.200000 -0.0651014 -0.0105643 -0.0947819 -0.0058871 0.6867464 -0.0123842 0.7267678
55.400000 -0.0448899 -0.0107021 -0.0934449 -0.0069939 0.6861272 -0.0118762 0.7273510
55.600000 -0.0252824 -0.0104187 -0.0924673 -0.0063077 0.6856000 -0.0114825 0.7278606
56.200000 0.0056913 -0.0099646 -0.0898300 -0.0058185 0.6825518 -0.0104295 0.7307397
56.800000 0.0074258 -0.0097282 -0.0896468 -0.0054093 0.6766554 -0.0104065 0.7362065
57.400000 0.0053462 -0.0096082 -0.0864337 -0.0048517 0.6455926 -0.0086129 0.7636180
57.600000 0.0032396 -0.0094633 -0.0825991 -0.0044892 0.6114018 -0.0075033 0.7912720
57.800000 -0.0001899 -0.0093324 -0.0787821 -0.0039376 0.5724853 -0.0063679 0.8198808
58.000000 -0.0037766 -0.0093429 -0.0751007 -0.0046387 0.5298745 -0.0054986 0.8480455
58.200000 -0.0076922 -0.0093157 -0.0719421 -0.0035708 0.4871757 -0.0037809 0.8732885
58.400000 -0.0116277 -0.0093592 -0.0691139 -0.0034112 0.4423076 -0.0024014 0.8968537
58.500000 -0.0139701 -0.0094109 -0.0678306 -0.0026719 0.4192257 -0.0015975 0.9078767
58.700000 -0.0185240 -0.0094080 -0.0655591 -0.0025605 0.3735284 -0.0008542 0.9276149
58.800000 -0.0202567 -0.0093687 -0.0648056 -0.0024572 0.3545260 -0.0006796 0.9350427
58.900000 -0.0228200 -0.0093748 -0.0640410 -0.0024969 0.3312097 -0.0005592 0.9435537
59.000000 -0.0250757 -0.0094446 -0.0633558 -0.0021996 0.3076478 0.0001093 0.9514978
59.300000 -0.0319772 -0.0098626 -0.0626394 -0.0019542 0.2339521 0.0013470 0.9722452
59.700000 -0.0413967 -0.0104129 -0.0629230 -0.0012492 0.1358336 0.0031453 0.9907259
59.900000 -0.0458085 -0.0106031 -0.0636600 -0.0005837 0.0858166 0.0036742 0.9963040
61.800000 -0.0530485 -0.0083406 -0.0227991 -0.0001894 -0.0114525 0.0066320 0.9999124
62.400000 -0.0518772 -0.0084703 0.0028449 0.0020583 -0.0032279 0.0053369 0.9999784
62.500000 -0.0519897 -0.0084186 0.0034312 0.0022124 0.0023458 0.0057349 0.9999784
64.700000 -0.0527818 -0.0100929 -0.0512536 0.0056174 0.0007602 0.0054349 0.9999692
70.300000 -0.0547497 -0.0093942 -0.0702696 0.0011415 -0.0284945 0.0056703 0.9995772
